9 0.111111 0 0 3
0.1 -0.099 0.102 -0.097 0.104 -0.095 0.106 -0.093 0.108 
0.12675 -0.123212 0.0888523 -0.0833513 0.0989724 -0.0953426 0.0989769 -0.0830993 0.0993694 
0.1535 -0.147424 0.0757046 -0.0697026 0.0939447 -0.0956852 0.0919538 -0.0731985 0.0907389 
0.18025 -0.171636 0.0625569 -0.0560538 0.0889171 -0.0960278 0.0849307 -0.0632978 0.0821083 
0.207 -0.195848 0.0494091 -0.0424051 0.0838895 -0.0963704 0.0779076 -0.0533971 0.0734778 
0.23375 -0.22006 0.0362614 -0.0287564 0.0788618 -0.096713 0.0708845 -0.0434963 0.0648472 
0.2605 -0.244272 0.0231137 -0.0151077 0.0738342 -0.0970556 0.0638614 -0.0335956 0.0562167 
0.287249 -0.268484 0.00996599 -0.00145893 0.0688066 -0.0973982 0.0568383 -0.0236948 0.0475861 
0.313999 -0.292696 -0.00318173 0.0121898 0.063779 -0.0977408 0.0498152 -0.0137941 0.0389556 
0.340749 -0.316908 -0.0163294 0.0258385 0.0587513 -0.0980834 0.0427921 -0.00389338 0.030325 
0.367499 -0.34112 -0.0294772 0.0394872 0.0537237 -0.098426 0.035769 0.00600736 0.0216945 
0.394249 -0.365332 -0.0426249 0.053136 0.0486961 -0.0987686 0.0287459 0.0159081 0.0130639 
0.420999 -0.389544 -0.0557726 0.0667847 0.0436684 -0.0991112 0.0217228 0.0258088 0.00443336 
0.447749 -0.413756 -0.0689203 0.0804334 0.0386408 -0.0994538 0.0146997 0.0357096 -0.0041972 
0.474499 -0.437968 -0.082068 0.0940821 0.0336132 -0.0997964 0.00767658 0.0456103 -0.0128278 
0.501249 -0.46218 -0.0952157 0.107731 0.0285855 -0.100139 0.000653481 0.055511 -0.0214583 
0.527999 -0.486392 -0.108363 0.12138 0.0235579 -0.100482 -0.00636962 0.0654118 -0.0300889 
0.538894 -0.493003 -0.109324 0.123202 0.0247064 -0.101627 -0.0069834 0.0660732 0.0129765 
0.549789 -0.499615 -0.110284 0.125025 0.0258548 -0.102771 -0.00759718 0.0667347 0.0560418 
0.560684 -0.506227 -0.111245 0.126848 0.0270033 -0.103916 -0.00821096 0.0673961 0.0991071 
0.571579 -0.512838 -0.112205 0.12867 0.0281517 -0.105061 -0.00882474 0.0680576 0.142172 
0.582474 -0.51945 -0.113166 0.130493 0.0293002 -0.106206 -0.00943852 0.068719 0.185238 
0.593369 -0.526061 -0.114126 0.132316 0.0304486 -0.107351 -0.0100523 0.0693805 0.228303 
0.604264 -0.532673 -0.115087 0.134138 0.0315971 -0.108496 -0.0106661 0.070042 0.271368 
0.615159 -0.539285 -0.116047 0.135961 0.0327455 -0.109641 -0.0112799 0.0707034 0.314434 
0.626054 -0.545896 -0.117007 0.137784 0.033894 -0.110786 -0.0118936 0.0713649 0.357499 
0.636949 -0.552508 -0.117968 0.139606 0.0350424 -0.111931 -0.0125074 0.0720263 0.400564 
0.647844 -0.55912 -0.118928 0.141429 0.0361909 -0.113076 -0.0131212 0.0726878 0.44363 
0.658739 -0.565731 -0.119889 0.143252 0.0373393 -0.11422 -0.013735 0.0733492 0.486695 
0.669634 -0.572343 -0.120849 0.145074 0.0384878 -0.115365 -0.0143488 0.0740107 0.52976 
0.680529 -0.578954 -0.12181 0.146897 0.0396362 -0.11651 -0.0149625 0.0746721 0.572825 
0.691424 -0.585566 -0.12277 0.148719 0.0407847 -0.117655 -0.0155763 0.0753336 0.615891 
0.702319 -0.592178 -0.12373 0.150542 0.0419331 -0.1188 -0.0161901 0.075995 0.658956 
0.713214 -0.598789 -0.124691 0.152365 0.0430816 -0.119945 -0.0168039 0.0766565 0.702021 
0.724109 -0.605401 -0.125651 0.154187 0.04423 -0.12109 -0.0174177 0.0773179 0.745087 
0.735004 -0.612012 -0.126612 0.15601 0.0453785 -0.122235 -0.0180314 0.0779794 0.788152 
0.745899 -0.618624 -0.127572 0.157833 0.0465269 -0.12338 -0.0186452 0.0786408 0.831217 
0.756794 -0.625236 -0.128533 0.159655 0.0476754 -0.124525 -0.019259 0.0793023 0.874283 
0.767688 -0.631847 -0.129493 0.161478 0.0488238 -0.125669 -0.0198728 0.0799638 0.917348 
0.778583 -0.638459 -0.130454 0.163301 0.0499723 -0.126814 -0.0204866 0.0806252 0.960413 
0.789478 -0.64507 -0.131414 0.165123 0.0511207 -0.127959 -0.0211003 0.0812867 1.00348 
0.800373 -0.651682 -0.132374 0.166946 0.0522692 -0.129104 -0.0217141 0.0819481 1.04654 
0.811268 -0.658294 -0.133335 0.168769 0.0534176 -0.130249 -0.0223279 0.0826096 1.08961 
0.822163 -0.664905 -0.134295 0.170591 0.0545661 -0.131394 -0.0229417 0.083271 1.13267 
0.833058 -0.671517 -0.135256 0.172414 0.0557146 -0.132539 -0.0235555 0.0839325 1.17574 
0.843953 -0.678129 -0.136216 0.174237 0.056863 -0.133684 -0.0241692 0.0845939 1.21881 
0.854848 -0.68474 -0.137177 0.176059 0.0580115 -0.134829 -0.024783 0.0852554 1.26187 
0.865743 -0.691352 -0.138137 0.177882 0.0591599 -0.135974 -0.0253968 0.0859168 1.30494 
0.876638 -0.697963 -0.139097 0.179705 0.0603084 -0.137118 -0.0260106 0.0865783 1.348 
0.887533 -0.704575 -0.140058 0.181527 0.0614568 -0.138263 -0.0266244 0.0872397 1.39107 
0.898428 -0.711187 -0.141018 0.18335 0.0626053 -0.139408 -0.0272382 0.0879012 1.43413 
0.909323 -0.717798 -0.141979 0.185173 0.0637537 -0.140553 -0.0278519 0.0885627 1.4772 
0.920218 -0.72441 -0.142939 0.186995 0.0649022 -0.141698 -0.0284657 0.0892241 1.52026 
0.931113 -0.731021 -0.1439 0.188818 0.0660506 -0.142843 -0.0290795 0.0898856 1.56333 
0.942008 -0.737633 -0.14486 0.190641 0.0671991 -0.143988 -0.0296933 0.090547 1.60639 
0.952903 -0.744245 -0.145821 0.192463 0.0683475 -0.145133 -0.0303071 0.0912085 1.64946 
0.963798 -0.750856 -0.146781 0.194286 0.069496 -0.146278 -0.0309208 0.0918699 1.69252 
0.974693 -0.757468 -0.147741 0.196109 0.0706444 -0.147423 -0.0315346 0.0925314 1.73559 
0.985588 -0.76408 -0.148702 0.197931 0.0717929 -0.148567 -0.0321484 0.0931928 1.77865 
0.996483 -0.770691 -0.149662 0.199754 0.0729413 -0.149712 -0.0327622 0.0938543 1.82172 
1.00738 -0.777303 -0.150623 0.201577 0.0740898 -0.150857 -0.033376 0.0945157 1.86478 
1.01827 -0.783914 -0.151583 0.203399 0.0752382 -0.152002 -0.0339897 0.0951772 1.90785 
1.02917 -0.790526 -0.152544 0.205222 0.0763867 -0.153147 -0.0346035 0.0958386 1.95092 
1.04006 -0.797138 -0.153504 0.207045 0.0775351 -0.154292 -0.0352173 0.0965001 1.99398 
1.05096 -0.803749 -0.154464 0.208867 0.0786836 -0.155437 -0.0358311 0.0971615 2.03705 
1.06185 -0.810361 -0.155425 0.21069 0.079832 -0.156582 -0.0364449 0.097823 2.08011 
1.07275 -0.816972 -0.156385 0.212513 0.0809805 -0.157727 -0.0370586 0.0984845 2.12318 
1.08364 -0.823584 -0.157346 0.214335 0.0821289 -0.158872 -0.0376724 0.0991459 2.16624 
1.09454 -0.830196 -0.158306 0.216158 0.0832774 -0.160016 -0.0382862 0.0998074 2.20931 
1.10543 -0.836807 -0.159267 0.217981 0.0844258 -0.161161 -0.0389 0.100469 2.25237 
1.11633 -0.843419 -0.160227 0.219803 0.0855743 -0.162306 -0.0395138 0.10113 2.29544 
1.12722 -0.85003 -0.161188 0.221626 0.0867227 -0.163451 -0.0401275 0.101792 2.3385 
1.13812 -0.856642 -0.162148 0.223449 0.0878712 -0.164596 -0.0407413 0.102453 2.38157 
1.14901 -0.863254 -0.163108 0.225271 0.0890197 -0.165741 -0.0413551 0.103115 2.42463 
1.15991 -0.869865 -0.164069 0.227094 0.0901681 -0.166886 -0.0419689 0.103776 2.4677 
1.1708 -0.876477 -0.165029 0.228917 0.0913166 -0.168031 -0.0425827 0.104438 2.51076 
1.1817 -0.883089 -0.16599 0.230739 0.092465 -0.169176 -0.0431964 0.105099 2.55383 
1.19259 -0.8897 -0.16695 0.232562 0.0936135 -0.170321 -0.0438102 0.10576 2.5969 
1.20349 -0.896312 -0.167911 0.234385 0.0947619 -0.171465 -0.044424 0.106422 2.63996 
1.21438 -0.902923 -0.168871 0.236207 0.0959104 -0.17261 -0.0450378 0.107083 2.68303 
1.22528 -0.909535 -0.169832 0.23803 0.0970588 -0.173755 -0.0456516 0.107745 2.72609 
1.23617 -0.916147 -0.170792 0.239853 0.0982073 -0.1749 -0.0462653 0.108406 2.76916 
1.24466 -0.954657 -0.155308 0.24442 0.0964191 -0.178756 -0.0440297 0.110374 2.77952 
1.25315 -0.993167 -0.139823 0.248988 0.0946309 -0.182611 -0.0417941 0.112342 2.78989 
1.26164 -1.03168 -0.124339 0.253555 0.0928428 -0.186467 -0.0395585 0.11431 2.80025 
1.27012 -1.07019 -0.108854 0.258123 0.0910546 -0.190322 -0.0373229 0.116277 2.81062 
1.27861 -1.1087 -0.0933699 0.262691 0.0892664 -0.194178 -0.0350873 0.118245 2.82098 
1.2871 -1.14721 -0.0778855 0.267258 0.0874783 -0.198033 -0.0328517 0.120213 2.83135 
1.29559 -1.18572 -0.0624011 0.271826 0.0856901 -0.201889 -0.0306161 0.122181 2.84171 
1.30408 -1.22423 -0.0469166 0.276393 0.0839019 -0.205744 -0.0283805 0.124149 2.85208 
1.31256 -1.26274 -0.0314322 0.280961 0.0821137 -0.2096 -0.0261449 0.126116 2.86244 
1.32105 -1.30125 -0.0159478 0.285529 0.0803256 -0.213455 -0.0239093 0.128084 2.87281 
1.32954 -1.33976 -0.000463409 0.290096 0.0785374 -0.217311 -0.0216737 0.130052 2.88317 
1.33803 -1.37827 0.015021 0.294664 0.0767492 -0.221166 -0.0194381 0.13202 2.89354 
1.34652 -1.41678 0.0305054 0.299231 0.0749611 -0.225022 -0.0172025 0.133988 2.9039 
1.355 -1.45529 0.0459898 0.303799 0.0731729 -0.228877 -0.0149669 0.135955 2.91427 
1.36349 -1.4938 0.0614742 0.308366 0.0713847 -0.232733 -0.0127313 0.137923 2.92463 
1.3966 -1.52791 0.0629168 0.311465 0.0731444 -0.234266 -0.0134408 0.13846 2.92269 
1.42971 -1.56202 0.0643593 0.314563 0.0749041 -0.2358 -0.0141502 0.138996 2.92075 
1.46282 -1.59613 0.0658018 0.317661 0.0766637 -0.237333 -0.0148597 0.139533 2.91881 
1.49592 -1.63023 0.0672443 0.320759 0.0784234 -0.238866 -0.0155692 0.14007 2.91686 
1.52903 -1.66434 0.0686869 0.323857 0.0801831 -0.240399 -0.0162786 0.140606 2.91492 
1.52965 -1.68858 0.104393 0.313878 0.0786734 -0.239211 -0.0167015 0.139495 2.91475 
1.53027 -1.71282 0.140099 0.303899 0.0771637 -0.238023 -0.0171243 0.138384 2.91458 
1.53088 -1.73706 0.175805 0.29392 0.0756541 -0.236835 -0.0175471 0.137273 2.91442 
1.5315 -1.7613 0.211511 0.283941 0.0741444 -0.235647 -0.01797 0.136162 2.91425 
1.53212 -1.78554 0.247217 0.273962 0.0726347 -0.234459 -0.0183928 0.135051 2.91408 
1.53274 -1.80978 0.282923 0.263983 0.0711251 -0.233271 -0.0188156 0.13394 2.91391 
1.53335 -1.83402 0.318629 0.254004 0.0696154 -0.232083 -0.0192384 0.132828 2.91374 
1.53397 -1.85826 0.354335 0.244025 0.0681057 -0.230895 -0.0196613 0.131717 2.91357 
1.53459 -1.8825 0.390041 0.234046 0.0665961 -0.229706 -0.0200841 0.130606 2.9134 
1.5352 -1.90674 0.425747 0.224067 0.0650864 -0.228518 -0.0205069 0.129495 2.91324 
1.53582 -1.93098 0.461453 0.214088 0.0635767 -0.22733 -0.0209298 0.128384 2.91307 
1.53644 -1.95521 0.497159 0.204108 0.0620671 -0.226142 -0.0213526 0.127273 2.9129 
1.53706 -1.97945 0.532865 0.194129 0.0605574 -0.224954 -0.0217754 0.126162 2.91273 
1.53767 -2.00369 0.568571 0.18415 0.0590477 -0.223766 -0.0221982 0.12505 2.91256 
1.53829 -2.02793 0.604277 0.174171 0.0575381 -0.222578 -0.0226211 0.123939 2.91239 
1.53891 -2.05217 0.639983 0.164192 0.0560284 -0.22139 -0.0230439 0.122828 2.91223 
1.53952 -2.07641 0.675689 0.154213 0.0545187 -0.220201 -0.0234667 0.121717 2.91206 
1.54014 -2.10065 0.711395 0.144234 0.053009 -0.219013 -0.0238896 0.120606 2.91189 
1.54076 -2.12489 0.747101 0.134255 0.0514994 -0.217825 -0.0243124 0.119495 2.91172 
1.54137 -2.14913 0.782807 0.124276 0.0499897 -0.216637 -0.0247352 0.118384 2.91155 
1.54199 -2.17337 0.818513 0.114297 0.04848 -0.215449 -0.025158 0.117273 2.91138 
1.54261 -2.19761 0.854219 0.104318 0.0469704 -0.214261 -0.0255809 0.116161 2.91121 
1.54323 -2.22185 0.889925 0.0943389 0.0454607 -0.213073 -0.0260037 0.11505 2.91105 
1.54384 -2.24609 0.925631 0.0843598 0.043951 -0.211885 -0.0264265 0.113939 2.91088 
1.54446 -2.27033 0.961337 0.0743808 0.0424414 -0.210697 -0.0268494 0.112828 2.91071 
1.54508 -2.29456 0.997043 0.0644017 0.0409317 -0.209508 -0.0272722 0.111717 2.91054 
1.54569 -2.3188 1.03275 0.0544227 0.039422 -0.20832 -0.027695 0.110606 2.91037 
1.54631 -2.34304 1.06845 0.0444436 0.0379124 -0.207132 -0.0281178 0.109495 2.9102 
1.54693 -2.36728 1.10416 0.0344645 0.0364027 -0.205944 -0.0285407 0.108383 2.91003 
1.54755 -2.39152 1.13987 0.0244855 0.034893 -0.204756 -0.0289635 0.107272 2.90987 
1.54816 -2.41576 1.17557 0.0145064 0.0333833 -0.203568 -0.0293863 0.106161 2.9097 
1.54878 -2.44 1.21128 0.00452738 0.0318737 -0.20238 -0.0298092 0.10505 2.90953 
1.5494 -2.46424 1.24698 -0.00545168 0.030364 -0.201192 -0.030232 0.103939 2.90936 
1.55001 -2.48848 1.28269 -0.0154307 0.0288543 -0.200003 -0.0306548 0.102828 2.90919 
1.55063 -2.51272 1.3184 -0.0254098 0.0273447 -0.198815 -0.0310776 0.101717 2.90902 
1.55125 -2.53696 1.3541 -0.0353888 0.025835 -0.197627 -0.0315005 0.100605 2.90885 
1.55187 -2.5612 1.38981 -0.0453679 0.0243253 -0.196439 -0.0319233 0.0994943 2.90869 
1.55248 -2.58544 1.42551 -0.055347 0.0228157 -0.195251 -0.0323461 0.0983831 2.90852 
1.5531 -2.60967 1.46122 -0.065326 0.021306 -0.194063 -0.032769 0.097272 2.90835 
1.55372 -2.63391 1.49693 -0.0753051 0.0197963 -0.192875 -0.0331918 0.0961609 2.90818 
1.55433 -2.65815 1.53263 -0.0852841 0.0182867 -0.191687 -0.0336146 0.0950497 2.90801 
1.55495 -2.68239 1.56834 -0.0952632 0.016777 -0.190499 -0.0340374 0.0939386 2.90784 
1.55557 -2.70663 1.60404 -0.105242 0.0152673 -0.18931 -0.0344603 0.0928275 2.90767 
1.55618 -2.73087 1.63975 -0.115221 0.0137577 -0.188122 -0.0348831 0.0917163 2.90751 
1.5568 -2.75511 1.67546 -0.1252 0.012248 -0.186934 -0.0353059 0.0906052 2.90734 
1.55742 -2.77935 1.71116 -0.135179 0.0107383 -0.185746 -0.0357288 0.089494 2.90717 
1.55804 -2.80359 1.74687 -0.145158 0.00922865 -0.184558 -0.0361516 0.0883829 2.907 
1.55865 -2.82783 1.78257 -0.155138 0.00771898 -0.18337 -0.0365744 0.0872718 2.90683 
1.55927 -2.85207 1.81828 -0.165117 0.00620931 -0.182182 -0.0369972 0.0861606 2.90666 
1.55989 -2.87631 1.85399 -0.175096 0.00469964 -0.180994 -0.0374201 0.0850495 2.9065 
1.5605 -2.90055 1.88969 -0.185075 0.00318997 -0.179805 -0.0378429 0.0839383 2.90633 
1.56112 -2.92479 1.9254 -0.195054 0.0016803 -0.178617 -0.0382657 0.0828272 2.90616 
1.56174 -2.94902 1.9611 -0.205033 0.000170635 -0.177429 -0.0386886 0.0817161 2.90599 
1.56236 -2.97326 1.99681 -0.215012 -0.00133903 -0.176241 -0.0391114 0.0806049 2.90582 
1.56297 -2.9975 2.03252 -0.224991 -0.0028487 -0.175053 -0.0395342 0.0794938 2.90565 
1.55543 -2.97784 2.05108 -0.238914 -0.0149618 -0.152852 -0.0389117 0.0648595 2.89669 
1.54788 -2.95817 2.06965 -0.252836 -0.027075 -0.130651 -0.0382891 0.0502253 2.88772 
1.54034 -2.9385 2.08822 -0.266759 -0.0391881 -0.10845 -0.0376666 0.035591 2.87876 
1.5328 -2.91883 2.10679 -0.280681 -0.0513012 -0.0862492 -0.037044 0.0209567 2.86979 
1.54023 -2.88924 2.10119 -0.293486 -0.0570286 -0.0790024 -0.0354841 0.0164846 2.84928 
1.54766 -2.85965 2.09559 -0.306291 -0.0627561 -0.0717556 -0.0339242 0.0120125 2.82877 
1.55509 -2.83006 2.08998 -0.319096 -0.0684835 -0.0645088 -0.0323643 0.00754039 2.80826 
1.52924 -2.82295 2.11706 -0.321717 -0.075638 -0.060205 -0.0302316 0.00454974 2.80608 
1.50339 -2.81584 2.14414 -0.324338 -0.0827925 -0.0559013 -0.0280989 0.0015591 2.80389 
1.47754 -2.80873 2.17121 -0.326958 -0.089947 -0.0515976 -0.0259662 -0.00143155 2.8017 
1.45169 -2.80162 2.19829 -0.329579 -0.0971016 -0.0472938 -0.0238335 -0.0044222 2.79951 
1.43821 -2.76645 2.20768 -0.352091 -0.104685 -0.044701 -0.0263271 -0.00226142 2.80029 
1.42473 -2.73127 2.21707 -0.374603 -0.112269 -0.0421081 -0.0288208 -0.000100634 2.80108 
1.41125 -2.6961 2.22647 -0.397116 -0.119853 -0.0395153 -0.0313145 0.00206015 2.80186 
1.39777 -2.66092 2.23586 -0.419628 -0.127436 -0.0369224 -0.0338081 0.00422093 2.80265 
1.38429 -2.62574 2.24525 -0.44214 -0.13502 -0.0343296 -0.0363018 0.00638171 2.80343 
1.37081 -2.59057 2.25464 -0.464653 -0.142604 -0.0317367 -0.0387955 0.0085425 2.80422 
1.35733 -2.55539 2.26403 -0.487165 -0.150187 -0.0291438 -0.0412891 0.0107033 2.805 
1.34385 -2.52022 2.27343 -0.509677 -0.157771 -0.026551 -0.0437828 0.0128641 2.80579 
1.33037 -2.48504 2.28282 -0.53219 -0.165355 -0.0239581 -0.0462765 0.0150248 2.80657 
1.31689 -2.44986 2.29221 -0.554702 -0.172938 -0.0213653 -0.0487701 0.0171856 2.80735 
1.30341 -2.41469 2.3016 -0.577214 -0.180522 -0.0187724 -0.0512638 0.0193464 2.80814 
1.28993 -2.37951 2.31099 -0.599727 -0.188106 -0.0161796 -0.0537574 0.0215072 2.80892 
1.27645 -2.34434 2.32038 -0.622239 -0.195689 -0.0135867 -0.0562511 0.023668 2.80971 
1.26297 -2.30916 2.32978 -0.644751 -0.203273 -0.0109939 -0.0587448 0.0258288 2.81049 
1.24949 -2.27398 2.33917 -0.667264 -0.210857 -0.00840104 -0.0612384 0.0279895 2.81128 
1.23601 -2.23881 2.34856 -0.689776 -0.21844 -0.00580819 -0.0637321 0.0301503 2.81206 
1.22253 -2.20363 2.35795 -0.712288 -0.226024 -0.00321534 -0.0662258 0.0323111 2.81285 
1.20905 -2.16845 2.36734 -0.734801 -0.233608 -0.000622485 -0.0687194 0.0344719 2.81363 
1.19557 -2.13328 2.37674 -0.757313 -0.241191 0.00197037 -0.0712131 0.0366327 2.81441 
1.18209 -2.0981 2.38613 -0.779825 -0.248775 0.00456322 -0.0737068 0.0387935 2.8152 
1.16861 -2.06293 2.39552 -0.802338 -0.256358 0.00715607 -0.0762004 0.0409542 2.81598 
1.15513 -2.02775 2.40491 -0.82485 -0.263942 0.00974892 -0.0786941 0.043115 2.81677 
1.14165 -1.99257 2.4143 -0.847362 -0.271526 0.0123418 -0.0811878 0.0452758 2.81755 
1.12817 -1.9574 2.42369 -0.869875 -0.279109 0.0149346 -0.0836814 0.0474366 2.81834 
1.11469 -1.92222 2.43309 -0.892387 -0.286693 0.0175275 -0.0861751 0.0495974 2.81912 
1.10121 -1.88705 2.44248 -0.914899 -0.294277 0.0201203 -0.0886688 0.0517582 2.81991 
1.08773 -1.85187 2.45187 -0.937412 -0.30186 0.0227132 -0.0911624 0.0539189 2.82069 
1.07425 -1.81669 2.46126 -0.959924 -0.309444 0.025306 -0.0936561 0.0560797 2.82147 
1.06077 -1.78152 2.47065 -0.982436 -0.317028 0.0278989 -0.0961498 0.0582405 2.82226 
1.04729 -1.74634 2.48005 -1.00495 -0.324611 0.0304917 -0.0986434 0.0604013 2.82304 
1.03381 -1.71117 2.48944 -1.02746 -0.332195 0.0330846 -0.101137 0.0625621 2.82383 
1.02033 -1.67599 2.49883 -1.04997 -0.339779 0.0356774 -0.103631 0.0647229 2.82461 
1.00685 -1.64081 2.50822 -1.07249 -0.347362 0.0382703 -0.106124 0.0668836 2.8254 
0.993365 -1.60564 2.51761 -1.095 -0.354946 0.0408631 -0.108618 0.0690444 2.82618 
0.979885 -1.57046 2.527 -1.11751 -0.36253 0.043456 -0.111112 0.0712052 2.82697 
0.966405 -1.53529 2.5364 -1.14002 -0.370113 0.0460488 -0.113605 0.073366 2.82775 
0.952925 -1.50011 2.54579 -1.16253 -0.377697 0.0486417 -0.116099 0.0755268 2.82853 
0.939445 -1.46493 2.55518 -1.18505 -0.385281 0.0512345 -0.118593 0.0776876 2.82932 
0.925965 -1.42976 2.56457 -1.20756 -0.392864 0.0538274 -0.121086 0.0798483 2.8301 
0.912485 -1.39458 2.57396 -1.23007 -0.400448 0.0564202 -0.12358 0.0820091 2.83089 
0.899005 -1.3594 2.58336 -1.25258 -0.408032 0.0590131 -0.126074 0.0841699 2.83167 
0.885525 -1.32423 2.59275 -1.2751 -0.415615 0.0616059 -0.128567 0.0863307 2.83246 
0.872045 -1.28905 2.60214 -1.29761 -0.423199 0.0641988 -0.131061 0.0884915 2.83324 
0.858565 -1.25388 2.61153 -1.32012 -0.430783 0.0667916 -0.133555 0.0906522 2.83403 
0.845085 -1.2187 2.62092 -1.34263 -0.438366 0.0693845 -0.136048 0.092813 2.83481 
0.831605 -1.18352 2.63031 -1.36515 -0.44595 0.0719774 -0.138542 0.0949738 2.83559 
0.818125 -1.14835 2.63971 -1.38766 -0.453534 0.0745702 -0.141036 0.0971346 2.83638 
0.804645 -1.11317 2.6491 -1.41017 -0.461117 0.0771631 -0.143529 0.0992954 2.83716 
0.791165 -1.078 2.65849 -1.43268 -0.468701 0.0797559 -0.146023 0.101456 2.83795 
0.777685 -1.04282 2.66788 -1.4552 -0.476285 0.0823488 -0.148517 0.103617 2.83873 
0.764205 -1.00764 2.67727 -1.47771 -0.483868 0.0849416 -0.15101 0.105778 2.83952 
0.750725 -0.972468 2.68667 -1.50022 -0.491452 0.0875345 -0.153504 0.107939 2.8403 
0.737245 -0.937291 2.69606 -1.52273 -0.499036 0.0901273 -0.155998 0.110099 2.84109 
0.723765 -0.902115 2.70545 -1.54524 -0.506619 0.0927202 -0.158491 0.11226 2.84187 
0.710285 -0.866939 2.71484 -1.56776 -0.514203 0.095313 -0.160985 0.114421 2.84265 
0.696805 -0.831763 2.72423 -1.59027 -0.521787 0.0979059 -0.163479 0.116582 2.84344 
0.683325 -0.796587 2.73362 -1.61278 -0.52937 0.100499 -0.165972 0.118742 2.84422 
0.669845 -0.761411 2.74302 -1.63529 -0.536954 0.103092 -0.168466 0.120903 2.84501 
0.656364 -0.726235 2.75241 -1.65781 -0.544538 0.105684 -0.17096 0.123064 2.84579 
0.642884 -0.691059 2.7618 -1.68032 -0.552121 0.108277 -0.173453 0.125225 2.84658 
0.629404 -0.655883 2.77119 -1.70283 -0.559705 0.11087 -0.175947 0.127386 2.84736 
0.615924 -0.620707 2.78058 -1.72534 -0.567289 0.113463 -0.178441 0.129546 2.84814 
0.602444 -0.585531 2.78998 -1.74786 -0.574872 0.116056 -0.180934 0.131707 2.84893 
0.588964 -0.550354 2.79937 -1.77037 -0.582456 0.118649 -0.183428 0.133868 2.84971 
0.575484 -0.515178 2.80876 -1.79288 -0.59004 0.121242 -0.185922 0.136029 2.8505 
0.562004 -0.480002 2.81815 -1.81539 -0.597623 0.123834 -0.188415 0.138189 2.85128 
0.548524 -0.444826 2.82754 -1.8379 -0.605207 0.126427 -0.190909 0.14035 2.85207 
0.535044 -0.40965 2.83693 -1.86042 -0.612791 0.12902 -0.193403 0.142511 2.85285 
0.521564 -0.374474 2.84633 -1.88293 -0.620374 0.131613 -0.195896 0.144672 2.85364 
0.508084 -0.339298 2.85572 -1.90544 -0.627958 0.134206 -0.19839 0.146833 2.85442 
0.494604 -0.304122 2.86511 -1.92795 -0.635542 0.136799 -0.200884 0.148993 2.8552 
0.481124 -0.268946 2.8745 -1.95047 -0.643125 0.139391 -0.203377 0.151154 2.85599 
0.467644 -0.23377 2.88389 -1.97298 -0.650709 0.141984 -0.205871 0.153315 2.85677 
0.454164 -0.198593 2.89329 -1.99549 -0.658293 0.144577 -0.208365 0.155476 2.85756 
0.440684 -0.163417 2.90268 -2.018 -0.665876 0.14717 -0.210858 0.157637 2.85834 
0.427204 -0.128241 2.91207 -2.04052 -0.67346 0.149763 -0.213352 0.159797 2.85913 
0.413724 -0.0930652 2.92146 -2.06303 -0.681044 0.152356 -0.215846 0.161958 2.85991 
0.400244 -0.0578891 2.93085 -2.08554 -0.688627 0.154949 -0.218339 0.164119 2.8607 
0.386764 -0.022713 2.94024 -2.10805 -0.696211 0.157541 -0.220833 0.16628 2.86148 
0.373284 0.0124631 2.94964 -2.13057 -0.703795 0.160134 -0.223327 0.16844 2.86226 
0.359804 0.0476392 2.95903 -2.15308 -0.711378 0.162727 -0.22582 0.170601 2.86305 
0.346324 0.0828153 2.96842 -2.17559 -0.718962 0.16532 -0.228314 0.172762 2.86383 
